10019
10130
10326
10456
10488
10538
10593
10628
10787
10804
10908
10965
10994
11231
11291
11466
11498
11930
11949
12284
12331
12353
12373
12399
12581
12650
12657
12669
13006
13092
13101
13199
13230
13260
13290
13363
13404
13412
13661
13673
13725
13908
13911
14204
14398
14481
14487
14491
14577
14618
14662
14710
14796
14804
14876
15422
15446
15490
15550
15629
15787
16125
16448
16477
16484
16577
16625
16717
16787
16886
17389
17403
17451
17566
17607
17759
17955
18043
18086
18172
18265
18321
18366
18497
18550
18618
18696
18772
18794
18801
18882
18937
19019
19027
19091
19129
19132
19492
19517
19561
19686
19752
19886
19887
20078
20185
20238
20262
20275
20545
20599
20616
20717
20766
20869
21000
21052
21092
21105
21151
21162
21216
21298
21432
21492
21771
21897
21948
21968
22004
22111
22135
22213
22226
22260
22335
22338
22564
22716
22797
22822
23069
23133
23253
23449
23474
23677
23712
23872
24005
24016
24027
24085
24106
24239
24416
24486
24844
24933
25017
25106
25107
25202
25261
25269
25279
25418
25443
25465
25504
25538
25588
25796
25800
25923
26004
26028
26053
26163
26206
26426
26508
26541
26548
26878
27025
27124
27193
27282
27375
27402
27547
27671
27725
27926
27977
27981
28018
28095
28136
28205
28421
28552
28575
28730
28791
28803
28804
28805
28947
29016
29083
29493
29500
29578
29877
29904
29928
30016
30048
30493
30601
30646
30683
30740
30869
31179
31197
31349
31445
31465
31466
31519
31791
32060
32161
32365
32448
32676
32751
32783
32870
32871
32899
33001
33189
33358
33487
33494
33575
33804
33914
33933
34017
34208
34355
34375
34443
34541
34588
34649
34850
34907
35045
35070
35228
35298
35383
35389
35405
35446
35784
35920
36158
36163
36269
36334
36393
36441
36492
36650
36700
36928
37148
37205
37235
37308
37408
37578
37640
38021
38024
38248
38322
38488
38515
38607
38888
38908
38922
38938
39200
39607
39664
39669
39688
39728
39771
39880
39913
40002
40107
40166
40283
40300
40501
40512
40558
40739
40790
40939
41037
41082
41203
41208
41237
41369
41540
41654
41763
41820
41917
41990
42025
42190
42997
43065
43092
43130
43404
43407
43488
43629
43642
43750
43926
44155
44290
44296
44345
44468
44479
44548
44579
44580
44699
44868
44941
44963
45148
45162
45196
45218
45225
45250
45310
45369
45383
45417
45593
45741
45763
45801
45812
45830
46002
46070
46314
46419
46511
46699
46705
46731
46885
46938
46965
46984
47095
47111
47165
47176
47330
47440
47519
47550
47560
47587
47632
47868
47911
47930
47931
47973
48018
48256
48548
48621
48914
48990
49184
49212
49243
49357
49450
49618
49627
49680
49688
49714
49770
49809
49986
50202
50275
50290
50454
50489
50519
50529
50564
50594
50599
50690
50741
50873
50959
51101
51152
51400
51537
51634
51834
51944
51987
52172
52206
52277
52422
52706
52726
52752
52754
52767
52928
52999
53300
53392
53427
53431
53459
53524
53822
53896
53953
54004
54049
54069
54224
54444
54561
54575
54656
54695
54718
54946
55055
55064
55143
55266
55292
55391
55489
55528
55579
55583
55719
55747
55885
55913
56032
56035
56077
56327
56390
56406
56574
56613
56747
56937
56972
57089
57214
57347
57457
57726
57852
57895
57908
58049
58286
58451
58690
58778
58805
58853
59023
59081
59102
59190
59272
59275
59390
59475
59531
59612
59747
59754
59836
59913
59948
59988
60019
60219
60250
60277
60387
60438
60777
60780
60816
60862
60956
61387
61435
61627
61675
61679
61698
61752
62025
62036
62113
62140
62308
62470
62474
62482
62625
62629
62850
62958
63006
63106
63136
63143
63340
63484
63717
63835
63940
64011
64173
64400
64531
64534
64580
64622
64708
64719
64760
64884
64945
64968
65064
65255
65267
65397
65455
65514
65558
65566
65644
65806
65933
66028
66045
66050
66112
66328
66564
66705
66710
66820
66838
66916
66940
66986
66988
67159
67383
67454
67641
67686
67724
67853
68050
68102
68363
68470
68471
68503
68857
68979
69000
69059
69183
69200
69247
69417
69496
69519
69534
69555
69580
69619
69634
69798
69805
69905
69979
70062
70458
70591
70617
70632
70660
70727
70738
70935
71053
71169
71239
71243
71300
71384
71385
71391
71395
71731
71763
71806
71819
71914
71966
72027
72032
72180
72184
72195
72406
72584
72594
72607
72719
72725
72923
73214
73286
73337
73651
73669
73926
73989
73990
74126
74173
74233
74332
74397
74455
74621
74633
74949
74967
74986
75007
75063
75075
75215
75382
75389
75542
76006
76049
76064
76352
76367
76420
76421
76450
76557
76616
76670
76833
76856
76867
76892
76932
76943
77051
77142
77152
77163
77298
77516
77640
77717
77758
77899
78028
78331
78335
78435
78459
78756
78789
78842
78917
78975
79018
79036
79118
79174
79204
79387
79448
79549
79640
79808
79878
79979
80077
80370
80416
80454
80503
80570
80646
80749
80866
80944
80969
81355
81448
81459
81497
81531
81738
81764
81859
81898
81952
81960
81977
81998
82004
82059
82066
82155
82228
82353
82542
82734
82753
82765
82842
82877
82938
82985
83258
83267
83563
83570
83592
83614
83692
83705
83830
83956
83974
83988
84073
84079
84091
84234
84237
84255
84272
84290
84467
84534
84631
84699
84820
85006
85014
85061
85114
85129
85135
85465
85517
85683
85833
86025
86040
86144
86169
86241
86250
86595
86663
86711
86940
86949
87003
87037
87110
87213
87229
87531
87702
87761
87869
87890
87945
88011
88036
88206
88211
88216
88258
88317
88360
88435
88492
88500
88522
88591
88594
88675
88793
88848
89003
89021
89088
89100
89153
89224
89486
89530
89620
89653
89669
89737
89790
89858
89917
89919
89965
90138
90204
90443
90500
90579
90691
90733
90745
90819
90883
90941
91014
91051
91085
91140
91204
91368
91432
91447
91611
91879
92053
92078
92150
92298
92348
92402
92457
92478
92562
92605
92616
92687
92705
92729
92744
92984
93112
93133
93348
93453
93573
93805
93959
93967
94136
94242
94244
94315
94521
94563
94620
94690
94813
94992
95001
95052
95114
95278
95310
95331
95334
95504
95793
95847
95852
95918
95930
95958
96020
96294
96313
96642
96771
96784
96805
96845
97125
97130
97191
97207
97312
97383
97421
97547
97659
97691
97702
97899
97952
97985
98207
98232
98264
98323
98411
98439
98524
98553
98652
98839
98899
99031
99080
99083
99112
99211
99265
99278
99322
99345
99425
99566
99572
99593
99602
99664
99705
99868
99887
