10136
10295
10727
11145
11195
11220
11410
11817
11918
12288
12353
12353
12353
12353
12353
12353
12353
12353
12353
12353
12353
12353
12353
12353
12353
12353
12353
12353
12353
12560
12578
12657
12657
12657
12657
12657
12657
12657
12657
12657
12657
12657
12657
12657
12657
12657
12657
12657
12657
12657
12754
12811
12819
12858
12935
12996
13416
13560
13668
13684
13685
13687
13737
14179
14185
14246
14740
14876
15438
15624
15651
15742
15916
16017
16060
16310
16358
16410
16614
16739
16886
16886
16886
16886
16886
16886
16886
16886
16886
16886
16886
16886
16886
16886
16886
16886
16886
16886
17001
17121
17127
17417
17667
17706
17868
18099
18232
18306
18350
18361
18675
18696
18696
18696
18696
18696
18696
18696
18696
18696
18696
18696
18696
18696
18696
18696
18696
18696
18696
18696
18696
19172
20005
20381
20386
20797
20889
20910
21015
21092
21092
21092
21092
21092
21092
21092
21092
21092
21092
21120
21142
21373
21390
21688
21746
21884
21953
22014
22048
22235
22918
23016
23172
23296
23345
23426
23460
23626
23837
23916
23929
24108
24253
24341
24498
24939
24980
25055
25077
25173
25216
25325
25448
25606
25703
25763
25800
25800
25800
25800
25800
25800
26101
26114
26147
26310
26486
26555
26798
27096
27192
27193
27193
27193
27193
27193
27193
27193
27193
27193
27193
27193
27197
27308
27547
27547
27547
27547
27547
27547
27547
27547
27547
27547
27547
27547
27547
27547
27547
27547
27547
27547
27547
27547
27677
27719
27906
27915
28188
28284
28298
28452
28881
29266
29411
29540
29546
29799
29962
30362
30926
31195
31778
31836
32060
32060
32060
32060
32060
32060
32060
32060
32060
32060
32060
32060
32060
32060
32110
32195
32505
32582
32752
32890
33001
33001
33001
33001
33001
33001
33001
33001
33001
33001
33001
33001
33001
33001
33001
33001
33001
33001
33194
33221
33448
33508
33789
33793
34100
34142
34245
34336
34340
34443
34443
34443
34443
34443
34513
34656
34940
35109
35403
35717
35777
35814
35834
35871
35901
36179
36568
36718
36736
36807
36969
37570
37576
37927
37966
38086
38126
38262
38453
38771
38910
38915
38918
39416
39503
39514
39583
39940
40028
40074
40100
40175
40456
40621
40719
41093
41567
41628
42385
42448
42599
42662
42706
42717
42999
43149
43498
43565
43602
44178
44363
44480
44539
44580
44580
44772
44987
44993
45386
45593
45593
45593
45593
45593
45593
45593
45593
45593
45593
45593
45593
45593
45593
45593
45593
45682
45817
45956
45971
46045
46272
46405
46406
46480
46741
46831
46885
46885
46940
46961
47018
47035
47091
47203
47868
47868
47868
47868
47868
47868
47868
47868
47868
47868
47868
47868
47868
47868
47868
47946
47988
48242
48353
48516
48586
48677
48753
49039
49129
49149
49407
49481
49519
49627
49627
49627
49627
49627
49627
49627
49627
49627
49627
49627
49627
49627
49627
49668
49688
49688
49688
49688
49688
49688
49688
49688
49688
49688
49688
49688
49688
49749
49947
49974
49990
50250
50282
50663
50666
50852
51107
51122
51305
51315
51845
51863
51926
52098
52553
52767
52767
52767
52767
52805
52921
52940
52963
52969
53035
53073
53147
53368
53427
53427
53427
53427
53427
53562
53594
53659
53680
53746
53931
53938
54408
54678
54743
54914
54928
55257
55429
55589
55820
56032
56032
56032
56032
56032
56032
56032
56032
56032
56032
56032
56032
56032
56032
56230
56498
56784
56972
56972
56972
56972
56972
56972
56972
56972
56972
56972
56972
56972
56972
56972
56972
56972
56988
57125
57447
57474
57693
58125
58280
58492
58588
58608
58708
58805
58805
58805
58808
58973
59039
59305
59327
59590
59608
59612
59612
59612
59612
59612
59612
59612
59958
60901
61194
61202
61232
62202
62229
62528
62538
62693
62704
62842
62971
63115
63316
63423
63802
63807
63909
64125
64427
64556
64725
64987
65070
65224
65455
65455
65455
65455
65455
65455
65455
65455
65455
65455
65455
65455
65455
65455
65455
65455
65566
65566
65566
65566
65566
65566
65566
65566
65566
65566
65566
65566
65566
65566
65566
65750
65767
66062
66111
66125
66300
66328
66328
66328
66328
66328
66328
66336
66440
66913
66922
66930
67082
67250
67527
67617
67645
67746
67875
68386
68523
68695
68999
69172
69396
69626
69893
69918
70157
70233
70300
70317
70379
70577
70635
70754
70763
70856
70893
70918
70921
70965
70971
70982
71041
71262
71317
71414
71491
71545
71907
72129
72223
72305
72328
72621
72646
72945
72983
72999
73083
73514
73787
73796
73869
74091
74327
74353
74542
74557
74850
74946
75035
75671
75845
75896
76062
76179
76316
76598
76761
76835
77044
77124
77196
77228
77340
77947
78097
78402
78410
78627
78711
78816
79265
79346
79432
79445
79497
79684
80742
80965
81133
81141
81299
81395
81596
81751
81859
81859
81859
81859
81859
81859
81859
81859
81859
81859
81859
81859
81859
81859
81859
81859
81859
81859
81859
82152
82188
82202
82286
82691
82759
82794
82877
82877
82877
82877
82877
82877
82877
82877
82877
82877
82877
82877
83017
83036
83153
83181
83183
83371
83372
83513
83592
83592
83592
83592
83592
83606
83614
83614
83614
83614
83614
83614
83614
83614
83623
83641
83964
83974
83974
83974
83974
83974
83974
83974
83974
83974
83974
83974
83974
83974
83974
83974
83974
83974
83974
83974
83974
84005
84071
84495
84555
84635
84757
84836
85460
85476
85882
86117
86943
86998
87037
87037
87037
87090
87312
87684
87934
88068
88192
88452
88498
88500
88500
88500
88500
88500
88500
88500
88571
88622
88623
88687
88733
88975
89031
89088
89208
89334
89391
89400
89458
89560
89616
89620
89620
89620
89620
89620
89620
89620
89620
89620
89620
89620
89620
89620
89620
89620
89620
89620
89620
89633
89810
89846
89965
89965
89965
89965
89965
89965
89965
90141
90213
90231
90453
90606
90701
90951
91013
91051
91051
91051
91051
91051
91051
91054
91061
91090
91257
91810
92061
92110
92294
92372
92562
92562
92562
92562
92562
92562
92562
92562
92562
92643
92681
92813
93001
93192
93929
94275
94531
94554
94999
95148
95288
95813
95869
96106
96338
96422
96652
96681
96715
96912
97019
97029
97285
97303
97377
97413
97505
97586
97620
97875
97960
97965
97990
98026
98484
98743
98899
98899
98899
98911
99080
99080
99080
99080
99080
99080
99080
99080
99080
99080
99080
99080
99080
99080
99080
99080
99080
99250
99451
99469
99609
99921
